tmj_KSW_skltrd : -97.9297743 38.0608445
tmj_KSW_skltrd : -97.330053 37.6871761
